5.260334208204492379e-01 5.815695198095265361e+00 1.115831792872293143e-01
3.696309254303394853e-01 2.745952750880010118e+00 1.095836520020078364e+00
2.192271877341397945e-01 6.935074652414348062e-01 1.030960108298853983e+00
2.474367712600401281e-01 2.316768574684255011e+00 1.289613149768614742e+00
3.121052219323071641e-01 7.552172673880945819e-01 4.651759344841003840e-01
5.249510906549313960e-01 1.667491350150593465e+00 8.219161203880714917e-01
1.988483968032941362e-01 4.500816564050803770e+00 4.545980277535259240e-01
5.398847011075623703e-01 1.263394387686943843e-01 1.302095953027888164e+00
2.499973936723000612e-01 1.163758668175299549e-01 1.246737437019381778e+00
3.590137605226770279e-01 5.831306746971225863e+00 1.106491555082909306e+00
