2.426182457227274436e-01
7.856942506928277226e-01
5.270903830617481578e-01
2.474367712600401281e-01
5.552714187822611613e-01
5.330639015891353027e-01
6.442317156631206521e-01
5.398847011075624813e-01
2.499973936723000612e-01
2.619462851261654124e-01
2.235206173734345936e-01
3.960119799351836112e-01
1.409312623816717791e-01
2.392269582294641594e-01
6.377514524340089919e-01
3.259445535233220226e-01
5.035296191580945768e-01
1.482858776148096580e-01
6.129430607449773971e-01
2.538361329704876268e-01
4.260687301982684638e-01
3.942607201907288861e-01
2.844149364779873790e-01
1.510004684540345588e-01
2.407832204768899920e-01
2.870650307923384159e-01
1.541780001825339697e-01
7.663943747334581724e-01
1.801714155610140700e-01
3.975199284621769857e-01
3.225989949716619454e-01
5.964847637255369373e-01
1.932661812021195524e-01
4.071737603183289700e-01
6.084914498757272305e-01
2.155871347667892290e-01
3.879001514480523438e-01
6.475000125342318391e-01
1.463116212491629708e-01
2.232417926421935428e-01
1.327912933093298997e-01
2.372170745098673428e-01
6.847350415724599015e-01
1.318016511743512476e-01
1.905875080659562293e-01
7.068257655752453461e-01
3.631119945233742818e-01
6.063687032646553066e-01
1.752361281540327775e-01
5.805216530719056189e-01
6.074961900485216226e-01
1.094801938396709334e-01
4.079091672971465465e-01
4.330683517336055277e-01
6.287110464420696543e-01
3.632548921180357437e-01
7.585492957205409725e-01
5.154740461431701615e-01
3.553564773717999836e-01
2.328030848390775231e-01
5.043175224026613668e-01
4.549946503368573203e-01
3.669168659806510968e-01
1.499468500073709576e-01
1.227142008125614719e-01
3.907557584985661969e-01
2.452174678018723686e-01
4.497121493369073963e-01
1.476635029092767393e-01
6.044703544430963804e-01
3.326466236831523426e-01
1.052284758661645586e-01
2.295225146162869767e-01
5.961938122096890336e-01
4.083127303198509361e-01
2.437930824413842290e-01
4.499815753346119163e-01
1.118036797528468990e-01
5.093016854816898586e-01
3.580363273630984278e-01
8.810429847745268606e-02
1.605643517883724447e-01
1.123491600598092582e-01
4.891553466041946852e-01
1.938712434710071764e-01
2.777251126447627394e-01
2.196018192558691073e-01
7.499643537824206563e-01
8.336865706689510214e-01
4.779073147158699464e-01
3.664168465236561922e-01
6.992693464489225796e-01
7.321724312254261902e-01
1.328798257821859896e-01
2.630666662300633618e-01
1.585274654018806739e-01
9.884949041916207824e-02
3.850259320177656375e-01
1.607925373043474493e-01
2.575569253745207954e-01
