-1.660362208278573837e+00
-2.521075551316541485e+00
-2.169365892298816600e+00
2.316768574684255011e+00
3.445556172939807649e-01
-9.484344596394677154e-03
2.107900489781589393e+00
1.263394387686943843e-01
1.163758668175299549e-01
-2.153509472032011374e+00
-2.378321346146816229e+00
3.089188318034978842e-01
7.339678880550902784e-01
-2.966187672901717254e-01
-1.089060310425568723e+00
-7.721645315775580443e-01
1.492235109100372492e+00
2.053928744765577630e+00
-1.416906587128101247e+00
-1.781150761809683125e+00
5.128434831816897077e-01
2.213165900850949441e+00
1.071073076008005831e+00
5.490144990391574442e-01
-4.538424462190728259e-01
6.654279962959269712e-01
2.516967584870378083e+00
-7.429683988704924857e-01
1.731207341399083832e+00
5.436879563417750250e-01
-1.265278305114578838e+00
-2.920087762940258624e+00
2.814904042522172745e+00
-2.449574862446850965e+00
4.816637736610317883e-02
8.501596368271511217e-01
6.061386909266985867e-02
1.360178973956979176e+00
-1.727977946346776150e+00
1.019056158288358382e+00
-1.228693122466699261e+00
1.364106027787050035e+00
1.031374355487209460e+00
2.642727465134204312e+00
-9.401249201592930538e-01
-3.080215058525805460e+00
-6.955092059797962634e-01
1.658463765832042802e-01
1.977734297031373822e+00
1.071741615149470750e+00
-2.694180410119823232e+00
2.162565198498501928e+00
2.422626186811922544e-01
-1.650932204733872311e-01
2.630372990226935492e+00
-1.034393333067586296e+00
-1.795392474451179332e+00
2.842123460361337450e+00
2.912819952901123610e+00
-1.832848847867719844e+00
2.264134780116765278e+00
-2.041244084964815020e+00
-1.191907174050114593e+00
-1.994602372140173996e+00
-4.525554667810799403e-01
2.404250827746388097e+00
7.052875041560811020e-01
2.588789972541719830e+00
2.103930505097381776e+00
-1.077688861872885484e+00
-3.044623710077801082e+00
7.791006338945576370e-01
3.025688962422982797e+00
-2.163889449840754153e+00
-2.763254121628055060e+00
1.699459254560826693e+00
1.568167092596336909e+00
2.047406355551578017e+00
6.105199311193056921e-01
2.014298593326583120e+00
7.958574952001701286e-01
-8.559422244830326987e-01
1.535247955661847463e+00
-2.262253906298436590e+00
-2.248767313704489734e-01
2.162579963628562751e+00
2.620275142514439271e+00
3.011905722289358600e+00
-1.419360696500865604e+00
-1.713644589470351587e+00
-4.255095768107048509e-02
2.455618106817958335e+00
-8.975681914513835569e-01
7.656686599391605563e-01
1.753417388935139209e+00
-1.587187047972929699e-01
-2.464943666636892239e+00
-2.503010566167828355e+00
1.907313643514863877e+00
-2.257916683379154854e+00
