-4.674901090843211482e-01
2.745952750880010118e+00
6.935074652414348062e-01
2.316768574684255011e+00
7.552172673880945819e-01
1.667491350150593465e+00
-1.782368743128782684e+00
1.263394387686943843e-01
1.163758668175299549e-01
-4.518785602083606467e-01
-2.378321346146816229e+00
-1.907930129504119110e+00
4.225418963231254987e-01
-2.966187672901717254e-01
-9.491156338126585101e-01
-2.265260987797969694e+00
1.459170149913922465e+00
5.629924682067146691e-01
8.261307926528554946e-01
2.348737215888565988e+00
1.238128557979260469e+00
-2.548878368367859526e-01
2.241255492746976330e+00
1.582991915624155643e+00
-1.076580356950205486e+00
6.654279962959269712e-01
1.839679156376945901e+00
-4.765245232467967829e-01
2.550610832953485119e+00
2.098363161764817963e+00
-3.016228186842959236e+00
2.445005285676243201e+00
-2.129261472552764989e+00
2.060809388236851003e+00
9.279358550707054176e-01
1.062017948330808537e+00
1.400294666853668879e+00
6.284068780936795662e-01
-9.030433964858554097e-01
-2.988409782837591067e+00
-1.838997687459047736e-01
1.043309251321024922e+00
9.825855598947246250e-01
-2.263799583760590206e+00
-7.891685956158884796e-01
3.430398619038911578e-03
7.282115564513788053e-01
-1.087860631833067027e+00
-7.591763093580496946e-01
-1.437432809749404905e+00
-3.098471413658522522e+00
-7.569888476960857648e-01
-2.910641835732337146e-01
-1.934852143708439276e-01
2.630372990226935492e+00
1.168029086901567704e+00
-2.618876680247432365e+00
1.657301252014295567e+00
-2.724944547875339573e+00
1.063823009542596454e+00
-2.798157935220733084e-01
-2.041244084964815020e+00
-1.191907174050114593e+00
-3.040284453995997005e+00
6.399714219960236372e-01
-6.260097641971892335e-01
7.052875041560811020e-01
2.066877431064435999e+00
2.308088861844257659e-03
-1.077688861872885484e+00
-3.044623710077801082e+00
-9.734059760410584961e-01
3.025688962422982797e+00
1.542403650623884459e-01
-1.094919253260552283e+00
1.699459254560826693e+00
-1.511418645687083506e+00
2.047406355551578017e+00
2.793663529794958134e+00
-2.415273904929254645e+00
9.163470705816701978e-01
-2.665623490716775734e+00
2.873857951880997241e+00
1.163120574724124001e+00
-2.248767313704489734e-01
-1.746571382993857613e+00
2.620275142514439271e+00
2.463670838753470038e-01
1.588727769531258049e+00
-1.576447381878751886e+00
-7.472805117640606287e-01
-6.887718141491998569e-01
-6.414280733651367417e-01
-5.646611479396120847e-01
1.651793980779590720e+00
2.918478962683852540e+00
-1.191978290118371087e+00
-2.503010566167828355e+00
-6.926449285121177857e-01
-1.688337073149087653e+00
