1.171423520091660880e+07
-8.470142937947683036e+06
-9.899399724149104208e+06
-4.867765430903970264e+06
8.813923375549772754e+06
5.603556603263577446e+06
-7.649920338821643032e+06
-2.836011168906884734e+06
4.194479549243254587e+06
1.223666702567181550e+07
-4.784823533372091129e+06
-3.373882163841906935e+06
-3.246627038008905016e+06
1.314406643715387909e+06
-1.053170532999263704e+07
-1.197299171751473658e+07
-1.251179933609139360e+07
9.312481487497551367e+06
8.302086148265828378e+06
2.236459174470108002e+06
7.261382989039556123e+06
-6.263752455398774706e+06
-1.048826726020750590e+07
-9.743330913637669757e+06
-1.129123946403807402e+07
5.691345191687468439e+06
1.142261310293709300e+07
-5.526922645575751550e+06
1.177287144446094707e+07
-7.151584598863964900e+06
2.724756715554172173e+06
-1.052565587757761404e+07
-3.978625461422978435e+06
1.168510913204010949e+07
2.303080727366781794e+06
1.215573954994928092e+07
1.131247314405153133e+07
1.061636094579290226e+07
7.692262951003250200e+05
8.744015401177631691e+06
1.350671931315135909e+06
6.656190253890266642e+06
8.120898767703415826e+06
6.012577350743432529e+06
1.182736965886753425e+07
9.363046431958345696e+06
1.551306024524156237e+06
-5.714268099558223039e+06
1.012079282101930678e+07
-1.245731013627425581e+07
9.845220630093161017e+06
-1.090678566168100014e+07
1.057655446795845032e+07
8.927025331594694406e+06
6.187827702925746562e+05
8.341729137594181811e+05
1.033511615257696249e+07
-5.385132748236207291e+06
1.196561047299482487e+07
6.199453782363827340e+06
9.489789230418195948e+06
-4.512402133550677449e+06
4.177622762100503780e+06
-1.197261811935769953e+07
-5.365806851757076569e+06
1.878665115723934490e+06
3.757021505148236174e+06
6.671884615587433800e+06
1.145053630312979221e+07
-3.842350833307349123e+06
-6.056590423712162301e+06
-3.816743950068245176e+05
-2.632284330673570366e+04
7.936482568504255265e+06
5.702947974708981812e+06
-5.425491009686232544e+06
8.775595524759819731e+06
-2.996400072554434650e+06
-5.762052779514236376e+06
1.152478164579529874e+07
-2.294550575359235983e+06
-8.229919274026501807e+04
1.658325593688125955e+06
-8.978185725802145898e+06
-3.992324989746723324e+06
9.441228966518826783e+06
-2.641248000749847852e+06
6.294159145049742423e+06
-4.108508931435838458e+05
-1.051139508590347879e+07
2.348527152924337424e+05
-8.871478163667647168e+06
5.745481474802716635e+06
-1.292044546915347502e+07
6.323541928508128971e+06
-8.998893498358611017e+06
-1.243380765783458203e+07
-6.666259906817622250e+05
4.435968934044177644e+06
6.059953580303619616e+06
