8.412339873750136121e+02
-6.533541389143412061e+02
-7.418361099292247900e+02
1.289613149768614742e+00
6.206947276618083151e+02
6.619123775770855644e+00
-4.653611434654758909e+02
1.302095953027888164e+00
1.246737437019381778e+00
8.771195668840128974e+02
9.067085467004288857e-01
4.467490991626280383e+00
-3.087457481965888064e+02
1.079904059264534810e+00
-7.397643498732631997e+02
-8.608497806245395623e+02
-9.004444916652051916e+02
6.833227348536501040e+02
5.937330641939194038e+02
8.417515853195002506e+00
5.564553165531542618e+02
-4.423701783692908975e+02
-7.754505678743391854e+02
-7.158689680266337518e+02
-8.116229794682002421e+02
1.493752868401828859e+00
8.245330612489779014e+02
-5.049590896631532928e+02
8.532310184573049128e+02
-5.680780839344866990e+02
3.686185871138477843e+00
-7.567557511326548365e+02
2.371061633738710483e+00
8.360338434883259424e+02
1.857740020403226167e+00
8.788571898515014027e+02
8.172762045360851744e+02
7.364300707536768869e+02
1.925986747510989616e+01
6.522522340451631635e+02
2.069626402016140432e+01
4.297577688760092087e+02
5.560842088308452276e+02
3.699670494422529714e+02
8.421173626759750732e+02
7.070714169580616044e+02
1.440164023635888846e+01
-4.592330102072909312e+02
7.112051035144901334e+02
-8.986226264131373682e+02
6.905099902925857123e+02
-7.765809400062656778e+02
7.412382266239488899e+02
6.571350119095602622e+02
8.341003288226183851e-03
3.243395235810709920e+01
7.152714480272659330e+02
8.143030813434960491e-01
8.604205451242428353e+02
4.679986855052599708e+02
6.823364689447133742e+02
3.355014070473434640e-02
9.072763918332257260e-01
-8.616534844882309017e+02
-2.981961486817421019e+02
1.026791979257638587e+01
6.654528955940508528e-02
5.375062751110584713e+02
8.148235264208957460e+02
1.339400758118349133e+00
6.533779387386194903e-01
2.175833169540688061e+01
1.722897510786517428e-01
6.016565140083629331e+02
3.845471078224110073e+01
9.678979782930433595e-01
6.400549186426512733e+02
7.893399149400877057e-01
4.389663916430784951e+01
8.179505565861394416e+02
9.497194693003430999e+00
8.440490255422508525e+00
2.021656507609669973e+01
-5.931906951309325677e+02
1.226611579662254092e+00
6.682884833986124704e+02
6.704465265400163521e-01
4.167548592631611086e+02
4.908270691997608459e+00
-7.781017339348953783e+02
6.495391822617205158e+00
-5.817148578847801446e+02
5.145196514478733434e+02
-9.336487542489826410e+02
4.264349821639498828e+02
-6.203743453383649467e+02
-8.960763083220726912e+02
1.091092255638137054e+00
3.392941687312439285e+02
4.352027938756727394e+02
